           1   1.1080332409972298        1.1080332409972297E-002   2.2160664819944595E-002   3.3240997229916892E-002
           2   2.2160664819944595        3.3240997229916892E-002   5.5401662049861494E-002   8.8642659279778380E-002
           3   3.3240997229916891        4.4321329639889190E-002  0.12188365650969528       0.16620498614958445     
           4   4.4321329639889191        9.9722991689750684E-002   6.6481994459833785E-002  0.16620498614958445     
           5   5.5401662049861491       0.24376731301939059        9.9722991689750684E-002  0.34349030470914133     
           6   6.6481994459833782        9.9722991689750684E-002   7.7562326869806089E-002  0.17728531855955676     
           7   7.7562326869806082       0.21052631578947367       0.13296398891966757       0.34349030470914121     
           8   8.8642659279778382       0.15512465373961218       0.11080332409972299       0.26592797783933514     
           9   9.9722991689750682       0.25484764542936289       0.24376731301939056       0.49861495844875342     
          10   11.080332409972298       0.23268698060941825       0.24376731301939056       0.47645429362880881     
          11   12.188365650969528       0.14404432132963987       0.18836565096952906       0.33240997229916891     
          12   13.296398891966756       0.27700831024930750       0.21052631578947367       0.48753462603878117     
          13   14.404432132963986       0.47645429362880881       0.47645429362880881       0.95290858725761762     
          14   15.512465373961216       0.43213296398891970       0.36565096952908582       0.79778393351800547     
          15   16.620498614958446       0.35457063711911352       0.32132963988919661       0.67590027700831012     
          16   17.728531855955676       0.36565096952908582       0.53185595567867039       0.89750692520775632     
          17   18.836565096952906       0.39889196675900279       0.24376731301939056       0.64265927977839321     
          18   19.944598337950136       0.54293628808864269       0.31024930747922436       0.85318559556786711     
          19   21.052631578947366       0.52077562326869797       0.46537396121883651       0.98614958448753454     
          20   22.160664819944596       0.45429362880886431       0.37673130193905813       0.83102493074792250     
          21   23.268698060941826       0.50969529085872578       0.43213296398891965       0.94182825484764532     
          22   24.376731301939056       0.48753462603878112       0.26592797783933514       0.75346260387811625     
          23   25.484764542936286       0.44321329639889195       0.79778393351800547        1.2409972299168976     
          24   26.592797783933513       0.88642659279778402       0.60941828254847641        1.4958448753462605     
          25   27.700831024930743        1.1634349030470914       0.39889196675900274        1.5623268698060944     
          26   28.808864265927973       0.69806094182825484       0.39889196675900274        1.0969529085872578     
          27   29.916897506925203       0.79778393351800558       0.49861495844875342        1.2963988919667591     
          28   31.024930747922433       0.55401662049861500       0.81994459833795019        1.3739612188365653     
          29   32.132963988919663       0.73130193905817165       0.32132963988919661        1.0526315789473684     
          30   33.240997229916893       0.98614958448753465       0.72022160664819945        1.7063711911357342     
          31   34.349030470914123       0.75346260387811637       0.55401662049861489        1.3074792243767310     
          32   35.457063711911353       0.76454293628808867       0.65373961218836552        1.4182825484764543     
          33   36.565096952908583        1.1966759002770084       0.50969529085872578        1.7063711911357342     
          34   37.673130193905813       0.73130193905817165       0.60941828254847641        1.3407202216066481     
          35   38.781163434903043       0.95290858725761785        1.0193905817174516        1.9722991689750693     
          36   39.889196675900273       0.52077562326869797       0.83102493074792239        1.3518005540166202     
          37   40.997229916897503       0.87534626038781160       0.64265927977839321        1.5180055401662047     
          38   42.105263157894733       0.79778393351800547       0.79778393351800558        1.5955678670360112     
          39   43.213296398891963       0.99722991689750695        1.1634349030470914        2.1606648199445986     
          40   44.321329639889193       0.95290858725761762       0.84210526315789480        1.7950138504155122     
          41   45.429362880886423       0.79778393351800558        1.7174515235457062        2.5152354570637119     
          42   46.537396121883653        1.0193905817174516        1.4404432132963989        2.4598337950138505     
          43   47.645429362880883        1.0969529085872576       0.87534626038781171        1.9722991689750691     
          44   48.753462603878113        1.1855955678670360       0.88642659279778391        2.0720221606648201     
          45   49.861495844875343       0.94182825484764532       0.99722991689750695        1.9390581717451523     
          46   50.969529085872573        1.1191135734072022        1.4293628808864267        2.5484764542936289     
          47   52.077562326869803        1.0083102493074794        1.2631578947368420        2.2714681440443214     
          48   53.185595567867026        1.0858725761772854        1.2520775623268698        2.3379501385041550     
          49   54.293628808864256        1.3074792243767315        1.1301939058171746        2.4376731301939061     
          50   55.401662049861486        1.6842105263157894        1.1966759002770082        2.8808864265927956     
          51   56.509695290858716        1.1412742382271468        1.2299168975069252        2.3711911357340720     
          52   57.617728531855946       0.91966759002770071        1.4293628808864267        2.3490304709141272     
          53   58.725761772853176        1.0858725761772852        1.2631578947368423        2.3490304709141276     
          54   59.833795013850406        1.0637119113573408        2.3268698060941828        3.3905817174515214     
          55   60.941828254847636        1.7063711911357342        1.3185595567867037        3.0249307479224359     
          56   62.049861495844866        1.5290858725761773        1.4293628808864267        2.9584487534626023     
          57   63.157894736842096        1.5290858725761773        1.6066481994459831        3.1357340720221578     
          58   64.265927977839326       0.80886426592797778       0.91966759002770093        1.7285318559556786     
          59   65.373961218836556        1.9058171745152357        1.3628808864265929        3.2686980609418255     
          60   66.481994459833786        1.6731301939058172        1.5180055401662047        3.1911357340720201     
          61   67.590027700831016        1.6620498614958450        1.2742382271468145        2.9362880886426570     
          62   68.698060941828246       0.93074792243767324        1.5290858725761773        2.4598337950138505     
          63   69.806094182825476        1.3961218836565095        1.5844875346260385        2.9806094182825480     
          64   70.914127423822706        1.7839335180055400        1.6288088642659282        3.4127423822714658     
          65   72.022160664819936        1.6952908587257618        1.1080332409972298        2.8033240997229916     
          66   73.130193905817166        1.8060941828254848        1.8614958448753460        3.6675900277008275     
          67   74.238227146814395        1.8060941828254848        2.5373961218836567        4.3434903047091362     
          68   75.346260387811625       0.99722991689750684        1.8060941828254848        2.8033240997229907     
          69   76.454293628808855        2.0166204986149587        1.7396121883656510        3.7562326869806055     
          70   77.562326869806085        1.8725761772853187        1.6509695290858724        3.5235457063711864     
          71   78.670360110803315        1.2409972299168976        1.5623268698060939        2.8033240997229893     
          72   79.778393351800545        1.3628808864265929        1.7063711911357340        3.0692520775623251     
          73   80.886426592797775        2.3933518005540169        2.5817174515235455        4.9750692520775583     
          74   81.994459833795005        2.4819944598337953        1.9390581717451525        4.4210526315789442     
          75   83.102493074792235        2.6149584487534629        2.6592797783933513        5.2742382271468076     
          76   84.210526315789465        2.3601108033240998        2.4376731301939056        4.7977839335180006     
          77   85.318559556786695        1.6842105263157896        2.5706371191135737        4.2548476454293587     
          78   86.426592797783925        1.3850415512465375        2.2049861495844878        3.5900277008310213     
          79   87.534626038781155        1.7396121883656510        2.3379501385041550        4.0775623268698018     
          80   88.642659279778385        1.9944598337950139        1.6620498614958450        3.6565096952908562     
          81   89.750692520775615        2.3379501385041555        1.9501385041551247        4.2880886426592744     
          82   90.858725761772845        2.1939058171745156        2.0720221606648201        4.2659279778393309     
          83   91.966759002770075        2.8587257617728508        2.4598337950138505        5.3185595567866972     
          84   93.074792243767305        2.1052631578947372        2.7257617728531853        4.8310249307479172     
          85   94.182825484764535        2.1163434903047089        2.5152354570637119        4.6315789473684141     
          86   95.290858725761765        2.7146814404432122        1.7396121883656510        4.4542936288088599     
          87   96.398891966758995        2.7368421052631571        2.2493074792243766        4.9861495844875288     
          88   97.506925207756225        2.7590027700831024        2.2714681440443214        5.0304709141274184     
          89   98.614958448753455        2.3047091412742384        2.1274238227146816        4.4321329639889147     
          90   99.722991689750685        2.0831024930747923        2.5263157894736845        4.6094182825484724     
          91   100.83102493074792        2.8144044321329638        2.4155124653739612        5.2299168975069188     
          92   101.93905817174515        2.2936288088642662        3.7119113573407172        6.0055401662049794     
          93   103.04709141274238        2.5595567867036011        2.1052631578947367        4.6648199445983343     
          94   104.15512465373961        2.5152354570637119        3.4903047091412716        6.0055401662049803     
          95   105.26315789473684        2.7368421052631562        2.4265927977839339        5.1634349030470874     
          96   106.37119113573405        2.7590027700831001        2.4598337950138505        5.2188365650969448     
          97   107.47922437673128        2.2160664819944600        3.2686980609418264        5.4847645429362828     
          98   108.58725761772851        3.0581717451523538        2.9584487534626032        6.0166204986149516     
          99   109.69529085872574        2.7811634349030463        3.4681440443213272        6.2493074792243695     
         100   110.80332409972297        2.1717451523545708        3.1578947368421018        5.3296398891966676     
