  0.50000000000000000        0.0000000000000000        1.00000000               1  0.14363524688170526     
  0.50000000000000000        1.0000000000000000        1.00000000               2  0.47775058226244449     
  0.50000000000000000        2.0000000000000000       -1.00000000               3  0.84249783128911881     
  0.50000000000000000        3.0000000000000000        1.00000000               4   6.9181446968791471E-002
  0.50000000000000000        4.0000000000000000        1.00000000               5  0.21188000618707059     
  0.50000000000000000        5.0000000000000000        1.00000000               6  0.14649587311948509     
  0.50000000000000000        6.0000000000000000       -1.00000000               7  0.91781933420866368     
  0.50000000000000000        7.0000000000000000        1.00000000               8  0.26446886533244673     
  0.50000000000000000        8.0000000000000000        1.00000000               9  0.21723032402205078     
  0.50000000000000000        9.0000000000000000       -1.00000000              10  0.91027646100044002     
  0.50000000000000000        10.000000000000000       -1.00000000              11  0.81932648742886949     
   1.5000000000000000        0.0000000000000000        1.00000000              12  0.15049621380808254     
   1.5000000000000000        1.0000000000000000        1.00000000              13  0.59211628339726174     
   1.5000000000000000        2.0000000000000000        1.00000000              14  0.27369315919405890     
   1.5000000000000000        3.0000000000000000        1.00000000              15   6.3170170477294674E-002
   1.5000000000000000        4.0000000000000000        1.00000000              16  0.11295071380708432     
   1.5000000000000000        5.0000000000000000        1.00000000              17  0.58896310077294023     
   1.5000000000000000        6.0000000000000000        1.00000000              18   7.2595682312027732E-003
   1.5000000000000000        7.0000000000000000        1.00000000              19  0.28217658501273635     
   1.5000000000000000        8.0000000000000000        1.00000000              20  0.42204426694269426     
   1.5000000000000000        9.0000000000000000        1.00000000              21  0.22280454729308441     
   1.5000000000000000        10.000000000000000        1.00000000              22  0.37060731306717143     
   2.5000000000000000        0.0000000000000000        1.00000000              23  0.36965740428469307     
   2.5000000000000000        1.0000000000000000        1.00000000              24  0.69548285430964263     
   2.5000000000000000        2.0000000000000000        1.00000000              25  0.66327925000646804     
   2.5000000000000000        3.0000000000000000        1.00000000              26  0.43615624959056309     
   2.5000000000000000        4.0000000000000000        1.00000000              27  0.56367458131360471     
   2.5000000000000000        5.0000000000000000        1.00000000              28   2.0079465994492396E-002
   2.5000000000000000        6.0000000000000000       -1.00000000              29  0.91218075152716072     
   2.5000000000000000        7.0000000000000000        1.00000000              30  0.42841129069712025     
   2.5000000000000000        8.0000000000000000        1.00000000              31  0.63320788341643675     
   2.5000000000000000        9.0000000000000000       -1.00000000              32  0.94543471471768814     
   2.5000000000000000        10.000000000000000        1.00000000              33  0.71447848190452601     
   3.5000000000000000        0.0000000000000000       -1.00000000              34  0.89779730505943323     
   3.5000000000000000        1.0000000000000000        1.00000000              35  0.11596029996373014     
   3.5000000000000000        2.0000000000000000        1.00000000              36   4.0390140747495695E-002
   3.5000000000000000        3.0000000000000000        1.00000000              37   1.8203195435802511E-002
   3.5000000000000000        4.0000000000000000        1.00000000              38  0.57381031797708459     
   3.5000000000000000        5.0000000000000000        1.00000000              39  0.18865153144975300     
   3.5000000000000000        6.0000000000000000        1.00000000              40  0.48982986150648677     
   3.5000000000000000        7.0000000000000000        1.00000000              41  0.79535887153585427     
   3.5000000000000000        8.0000000000000000        1.00000000              42  0.34638897669637259     
   3.5000000000000000        9.0000000000000000        1.00000000              43  0.16226936704228723     
   3.5000000000000000        10.000000000000000        1.00000000              44  0.74833822823247576     
   4.5000000000000000        0.0000000000000000        1.00000000              45  0.13308376390100063     
   4.5000000000000000        1.0000000000000000        1.00000000              46  0.78077438213396511     
   4.5000000000000000        2.0000000000000000       -1.00000000              47  0.88564277660553703     
   4.5000000000000000        3.0000000000000000        1.00000000              48  0.76674812379018642     
   4.5000000000000000        4.0000000000000000        1.00000000              49  0.57973968282996069     
   4.5000000000000000        5.0000000000000000        1.00000000              50  0.43578477001588445     
   4.5000000000000000        6.0000000000000000        1.00000000              51  0.46964170729858212     
   4.5000000000000000        7.0000000000000000        1.00000000              52  0.13046777536238385     
   4.5000000000000000        8.0000000000000000       -1.00000000              53  0.87531988584961284     
   4.5000000000000000        9.0000000000000000        1.00000000              54   2.7669510375683215E-002
   4.5000000000000000        10.000000000000000        1.00000000              55  0.58380291853932709     
   5.5000000000000000        0.0000000000000000        1.00000000              56  0.16243357744780529     
   5.5000000000000000        1.0000000000000000        1.00000000              57  0.10603484894629422     
   5.5000000000000000        2.0000000000000000        1.00000000              58   2.9801935098733967E-002
   5.5000000000000000        3.0000000000000000        1.00000000              59  0.42923841705487098     
   5.5000000000000000        4.0000000000000000       -1.00000000              60  0.90719698419756534     
   5.5000000000000000        5.0000000000000000        1.00000000              61   2.6783426105633223E-003
   5.5000000000000000        6.0000000000000000        1.00000000              62  0.15084232311440071     
   5.5000000000000000        7.0000000000000000        1.00000000              63  0.20958928551135048     
   5.5000000000000000        8.0000000000000000        1.00000000              64  0.29482747223516248     
   5.5000000000000000        9.0000000000000000        1.00000000              65  0.19553367869255567     
   5.5000000000000000        10.000000000000000        1.00000000              66   2.6276113646978350E-002
   6.5000000000000000        0.0000000000000000        1.00000000              67  0.24486802339440272     
   6.5000000000000000        1.0000000000000000        1.00000000              68  0.73125349718006882     
   6.5000000000000000        2.0000000000000000        1.00000000              69  0.11260772561131360     
   6.5000000000000000        3.0000000000000000        1.00000000              70  0.39113713647130532     
   6.5000000000000000        4.0000000000000000        1.00000000              71  0.44859798300549991     
   6.5000000000000000        5.0000000000000000       -1.00000000              72  0.84442892086741894     
   6.5000000000000000        6.0000000000000000        1.00000000              73  0.40141349236527601     
   6.5000000000000000        7.0000000000000000        1.00000000              74  0.17806646742652354     
   6.5000000000000000        8.0000000000000000        1.00000000              75  0.39422591049291922     
   6.5000000000000000        9.0000000000000000        1.00000000              76  0.49079742924152059     
   6.5000000000000000        10.000000000000000        1.00000000              77   7.8910928113639534E-002
   7.5000000000000000        0.0000000000000000        1.00000000              78  0.76533735937899294     
   7.5000000000000000        1.0000000000000000       -1.00000000              79  0.85766692807896783     
   7.5000000000000000        2.0000000000000000        1.00000000              80  0.44716853958621561     
   7.5000000000000000        3.0000000000000000        1.00000000              81  0.10251892106334581     
   7.5000000000000000        4.0000000000000000        1.00000000              82  0.69580154441689368     
   7.5000000000000000        5.0000000000000000        1.00000000              83   7.8247365129225588E-002
   7.5000000000000000        6.0000000000000000        1.00000000              84  0.56696551996680311     
   7.5000000000000000        7.0000000000000000       -1.00000000              85  0.96077279823198503     
   7.5000000000000000        8.0000000000000000        1.00000000              86   1.4293012145351058E-003
   7.5000000000000000        9.0000000000000000       -1.00000000              87  0.85363502021966464     
   7.5000000000000000        10.000000000000000        1.00000000              88  0.56487329766579353     
   8.5000000000000000        0.0000000000000000        1.00000000              89  0.24196139942224326     
   8.5000000000000000        1.0000000000000000       -1.00000000              90  0.84570318775118181     
   8.5000000000000000        2.0000000000000000        1.00000000              91  0.16491382527840526     
   8.5000000000000000        3.0000000000000000        1.00000000              92  0.29614191839341664     
   8.5000000000000000        4.0000000000000000        1.00000000              93  0.19874538243064621     
   8.5000000000000000        5.0000000000000000        1.00000000              94  0.14159501915519213     
   8.5000000000000000        6.0000000000000000        1.00000000              95  0.74080465493279246     
   8.5000000000000000        7.0000000000000000       -1.00000000              96  0.92503777873952064     
   8.5000000000000000        8.0000000000000000       -1.00000000              97  0.81123511146365213     
   8.5000000000000000        9.0000000000000000        1.00000000              98  0.39518326386141056     
   8.5000000000000000        10.000000000000000        1.00000000              99  0.14686213672447623     
   9.5000000000000000        0.0000000000000000        1.00000000             100  0.49810101358856140     
   9.5000000000000000        1.0000000000000000       -1.00000000             101  0.90985869302628564     
   9.5000000000000000        2.0000000000000000        1.00000000             102  0.36585859310002655     
   9.5000000000000000        3.0000000000000000        1.00000000             103   6.4926867816067269E-002
   9.5000000000000000        4.0000000000000000        1.00000000             104  0.41847643818174085     
   9.5000000000000000        5.0000000000000000        1.00000000             105  0.41144451450265096     
   9.5000000000000000        6.0000000000000000        1.00000000             106  0.68395233766084451     
   9.5000000000000000        7.0000000000000000       -1.00000000             107  0.99185513168991812     
   9.5000000000000000        8.0000000000000000        1.00000000             108  0.17815439285011692     
   9.5000000000000000        9.0000000000000000        1.00000000             109  0.70948366132008478     
   9.5000000000000000        10.000000000000000        1.00000000             110  0.48426616324904603     
   0.0000000000000000       0.50000000000000000        1.00000000             111  0.21166640786397517     
   0.0000000000000000        1.5000000000000000        1.00000000             112  0.59107144884970975     
   0.0000000000000000        2.5000000000000000        1.00000000             113  0.20540313812439182     
   0.0000000000000000        3.5000000000000000       -1.00000000             114  0.80069519625691599     
   0.0000000000000000        4.5000000000000000        1.00000000             115  0.73244271060624677     
   0.0000000000000000        5.5000000000000000        1.00000000             116  0.62421717812193855     
   0.0000000000000000        6.5000000000000000        1.00000000             117  0.17421285337992654     
   0.0000000000000000        7.5000000000000000        1.00000000             118  0.76102235332693335     
   0.0000000000000000        8.5000000000000000        1.00000000             119   9.3492329089302939E-002
   0.0000000000000000        9.5000000000000000        1.00000000             120  0.25750364292779249     
   1.0000000000000000       0.50000000000000000        1.00000000             121  0.68906464168580461     
   1.0000000000000000        1.5000000000000000        1.00000000             122  0.38609738983565989     
   1.0000000000000000        2.5000000000000000        1.00000000             123  0.32780479084243430     
   1.0000000000000000        3.5000000000000000        1.00000000             124  0.66216693352359501     
   1.0000000000000000        4.5000000000000000        1.00000000             125  0.62082003645751072     
   1.0000000000000000        5.5000000000000000        1.00000000             126  0.30927458525623075     
   1.0000000000000000        6.5000000000000000        1.00000000             127  0.46479640696219782     
   1.0000000000000000        7.5000000000000000        1.00000000             128  0.10725874862786300     
   1.0000000000000000        8.5000000000000000        1.00000000             129  0.50158707008757419     
   1.0000000000000000        9.5000000000000000        1.00000000             130  0.42536602663255485     
   2.0000000000000000       0.50000000000000000        1.00000000             131  0.31520491791025407     
   2.0000000000000000        1.5000000000000000       -1.00000000             132  0.87340266127788568     
   2.0000000000000000        2.5000000000000000        1.00000000             133  0.16973479043744111     
   2.0000000000000000        3.5000000000000000        1.00000000             134  0.24251821614432145     
   2.0000000000000000        4.5000000000000000        1.00000000             135  0.30035940969459218     
   2.0000000000000000        5.5000000000000000        1.00000000             136  0.74425933108116171     
   2.0000000000000000        6.5000000000000000        1.00000000             137   7.6264167165525309E-002
   2.0000000000000000        7.5000000000000000        1.00000000             138  0.52628262284594973     
   2.0000000000000000        8.5000000000000000       -1.00000000             139  0.93432163673848911     
   2.0000000000000000        9.5000000000000000        1.00000000             140  0.71826084915118182     
   3.0000000000000000       0.50000000000000000        1.00000000             141  0.23535918303435188     
   3.0000000000000000        1.5000000000000000        1.00000000             142  0.69439779479753594     
   3.0000000000000000        2.5000000000000000        1.00000000             143  0.68581562921918315     
   3.0000000000000000        3.5000000000000000       -1.00000000             144  0.84649404180536902     
   3.0000000000000000        4.5000000000000000       -1.00000000             145  0.92808660074083627     
   3.0000000000000000        5.5000000000000000        1.00000000             146  0.62214073118369240     
   3.0000000000000000        6.5000000000000000        1.00000000             147  0.63410908699092372     
   3.0000000000000000        7.5000000000000000       -1.00000000             148  0.93724702144153349     
   3.0000000000000000        8.5000000000000000        1.00000000             149  0.34732702110005809     
   3.0000000000000000        9.5000000000000000        1.00000000             150  0.69454735147153868     
   4.0000000000000000       0.50000000000000000       -1.00000000             151  0.83894966342894450     
   4.0000000000000000        1.5000000000000000       -1.00000000             152  0.99613629836891215     
   4.0000000000000000        2.5000000000000000        1.00000000             153  0.79491313282107479     
   4.0000000000000000        3.5000000000000000        1.00000000             154  0.57284359916249250     
   4.0000000000000000        4.5000000000000000       -1.00000000             155  0.98512361847970253     
   4.0000000000000000        5.5000000000000000        1.00000000             156  0.42649825841524569     
   4.0000000000000000        6.5000000000000000        1.00000000             157  0.62009925705553059     
   4.0000000000000000        7.5000000000000000        1.00000000             158  0.34278455434689115     
   4.0000000000000000        8.5000000000000000        1.00000000             159  0.17218197358388698     
   4.0000000000000000        9.5000000000000000        1.00000000             160  0.19886571905966088     
   5.0000000000000000       0.50000000000000000        1.00000000             161  0.15677532638868563     
   5.0000000000000000        1.5000000000000000        1.00000000             162  0.77549704937886743     
   5.0000000000000000        2.5000000000000000       -1.00000000             163  0.90742062900168441     
   5.0000000000000000        3.5000000000000000        1.00000000             164  0.72136447100836720     
   5.0000000000000000        4.5000000000000000        1.00000000             165  0.36845271922200085     
   5.0000000000000000        5.5000000000000000        1.00000000             166  0.63751295732135116     
   5.0000000000000000        6.5000000000000000       -1.00000000             167  0.82211896089586856     
   5.0000000000000000        7.5000000000000000        1.00000000             168  0.14784261335048088     
   5.0000000000000000        8.5000000000000000        1.00000000             169  0.64699114622706233     
   5.0000000000000000        9.5000000000000000        1.00000000             170   4.1923924841981486E-002
   6.0000000000000000       0.50000000000000000        1.00000000             171  0.45333990802231516     
   6.0000000000000000        1.5000000000000000        1.00000000             172  0.35368268089054833     
   6.0000000000000000        2.5000000000000000        1.00000000             173  0.69624317210448416     
   6.0000000000000000        3.5000000000000000        1.00000000             174  0.58356162125535305     
   6.0000000000000000        4.5000000000000000        1.00000000             175  0.44170921897161675     
   6.0000000000000000        5.5000000000000000        1.00000000             176  0.29268144744542079     
   6.0000000000000000        6.5000000000000000       -1.00000000             177  0.81905828026523397     
   6.0000000000000000        7.5000000000000000        1.00000000             178  0.33029508343579372     
   6.0000000000000000        8.5000000000000000        1.00000000             179  0.32315831613137702     
   6.0000000000000000        9.5000000000000000       -1.00000000             180  0.89282053889771540     
   7.0000000000000000       0.50000000000000000        1.00000000             181  0.78604296393440221     
   7.0000000000000000        1.5000000000000000        1.00000000             182  0.27563302653964283     
   7.0000000000000000        2.5000000000000000        1.00000000             183  0.27040073033224110     
   7.0000000000000000        3.5000000000000000        1.00000000             184   2.3634101588338785E-002
   7.0000000000000000        4.5000000000000000        1.00000000             185  0.71970388165782562     
   7.0000000000000000        5.5000000000000000        1.00000000             186  0.15746104090566948     
   7.0000000000000000        6.5000000000000000        1.00000000             187  0.28266656709077098     
   7.0000000000000000        7.5000000000000000        1.00000000             188  0.18397687757240477     
   7.0000000000000000        8.5000000000000000        1.00000000             189  0.39535008844969333     
   7.0000000000000000        9.5000000000000000        1.00000000             190  0.74346868168957370     
   8.0000000000000000       0.50000000000000000       -1.00000000             191  0.86344056133583669     
   8.0000000000000000        1.5000000000000000        1.00000000             192  0.70609815829815836     
   8.0000000000000000        2.5000000000000000        1.00000000             193  0.11854248484316454     
   8.0000000000000000        3.5000000000000000        1.00000000             194   2.6661010920489780E-002
   8.0000000000000000        4.5000000000000000        1.00000000             195  0.57169696039712481     
   8.0000000000000000        5.5000000000000000       -1.00000000             196  0.83040594604846651     
   8.0000000000000000        6.5000000000000000        1.00000000             197  0.38832387884505171     
   8.0000000000000000        7.5000000000000000        1.00000000             198  0.46931460005593761     
   8.0000000000000000        8.5000000000000000        1.00000000             199  0.18617547046311500     
   8.0000000000000000        9.5000000000000000        1.00000000             200  0.22917013805066244     
   9.0000000000000000       0.50000000000000000        1.00000000             201   5.4197868402415250E-002
   9.0000000000000000        1.5000000000000000       -1.00000000             202  0.80200971867094417     
   9.0000000000000000        2.5000000000000000        1.00000000             203   8.1379700491030049E-002
   9.0000000000000000        3.5000000000000000        1.00000000             204  0.23029401694629359     
   9.0000000000000000        4.5000000000000000        1.00000000             205  0.64547789385556631     
   9.0000000000000000        5.5000000000000000        1.00000000             206  0.52784011623871674     
   9.0000000000000000        6.5000000000000000        1.00000000             207  0.52467582741829655     
   9.0000000000000000        7.5000000000000000        1.00000000             208  0.58408172561477933     
   9.0000000000000000        8.5000000000000000        1.00000000             209  0.62125998534665705     
   9.0000000000000000        9.5000000000000000        1.00000000             210   1.5362561123174689E-002
   10.000000000000000       0.50000000000000000        1.00000000             211  0.78868413132886594     
   10.000000000000000        1.5000000000000000        1.00000000             212  0.63281514701914010     
   10.000000000000000        2.5000000000000000        1.00000000             213  0.18988947921260557     
   10.000000000000000        3.5000000000000000        1.00000000             214  0.48969416516976483     
   10.000000000000000        4.5000000000000000       -1.00000000             215  0.98594143902775599     
   10.000000000000000        5.5000000000000000        1.00000000             216  0.49927495322584292     
   10.000000000000000        6.5000000000000000       -1.00000000             217  0.93359603308653738     
   10.000000000000000        7.5000000000000000        1.00000000             218  0.38275623268606551     
   10.000000000000000        8.5000000000000000       -1.00000000             219  0.80390968196488088     
   10.000000000000000        9.5000000000000000        1.00000000             220   1.3014466093147492E-002
  -1.0000000000000000      -0.50000000000000000        1.00000000             221  0.75353858497294823     
  -1.0000000000000000       -1.5000000000000000        1.00000000             222  0.20772042950512770     
  -1.0000000000000000       -2.5000000000000000        1.00000000             223  0.39267092424911632     
  -1.0000000000000000       -3.5000000000000000        1.00000000             224  0.21246966450550664     
  -1.0000000000000000       -4.5000000000000000        1.00000000             225  0.71287892123469210     
  -1.0000000000000000       -5.5000000000000000        1.00000000             226   2.4135490317354069E-002
  -1.0000000000000000       -6.5000000000000000        1.00000000             227  0.21669229517077571     
  -1.0000000000000000       -7.5000000000000000        1.00000000             228   4.4028230444483452E-002
  -1.0000000000000000       -8.5000000000000000        1.00000000             229  0.50138003462828962     
  -1.0000000000000000       -9.5000000000000000        1.00000000             230  0.25326964670534902     
  -2.0000000000000000      -0.50000000000000000        1.00000000             231  0.23868036456832753     
  -2.0000000000000000       -1.5000000000000000        1.00000000             232  0.35387279644106373     
  -2.0000000000000000       -2.5000000000000000        1.00000000             233  0.28218561688681243     
  -2.0000000000000000       -3.5000000000000000        1.00000000             234  0.10828919695844841     
  -2.0000000000000000       -4.5000000000000000        1.00000000             235  0.60428860531371043     
  -2.0000000000000000       -5.5000000000000000        1.00000000             236   5.8778832054516950E-002
  -2.0000000000000000       -6.5000000000000000       -1.00000000             237  0.94758708372885803     
  -2.0000000000000000       -7.5000000000000000       -1.00000000             238  0.85779070732651352     
  -2.0000000000000000       -8.5000000000000000        1.00000000             239  0.56224874454822416     
  -2.0000000000000000       -9.5000000000000000        1.00000000             240  0.73692967144718324     
  -3.0000000000000000      -0.50000000000000000        1.00000000             241  0.40181654892434682     
  -3.0000000000000000       -1.5000000000000000        1.00000000             242  0.25173739853805777     
  -3.0000000000000000       -2.5000000000000000        1.00000000             243  0.46335836580971079     
  -3.0000000000000000       -3.5000000000000000        1.00000000             244  0.15716205141501072     
  -3.0000000000000000       -4.5000000000000000        1.00000000             245  0.16252049772361221     
  -3.0000000000000000       -5.5000000000000000        1.00000000             246  0.51165861907981125     
  -3.0000000000000000       -6.5000000000000000       -1.00000000             247  0.88537992039181501     
  -3.0000000000000000       -7.5000000000000000        1.00000000             248  0.51041760650708679     
  -3.0000000000000000       -8.5000000000000000        1.00000000             249  0.50901146088153137     
  -3.0000000000000000       -9.5000000000000000        1.00000000             250  0.54317220439605873     
  -4.0000000000000000      -0.50000000000000000        1.00000000             251   8.7488905057326871E-002
  -4.0000000000000000       -1.5000000000000000        1.00000000             252  0.51710287961173407     
  -4.0000000000000000       -2.5000000000000000        1.00000000             253  0.78363524355724645     
  -4.0000000000000000       -3.5000000000000000        1.00000000             254  0.23551197062326257     
  -4.0000000000000000       -4.5000000000000000       -1.00000000             255  0.90960880497530916     
  -4.0000000000000000       -5.5000000000000000        1.00000000             256  0.72845413886500465     
  -4.0000000000000000       -6.5000000000000000        1.00000000             257  0.44420915455891841     
  -4.0000000000000000       -7.5000000000000000        1.00000000             258  0.30703217460351429     
  -4.0000000000000000       -8.5000000000000000        1.00000000             259  0.39872338513240624     
  -4.0000000000000000       -9.5000000000000000        1.00000000             260  0.49152077157723917     
  -5.0000000000000000      -0.50000000000000000       -1.00000000             261  0.85921994621403430     
  -5.0000000000000000       -1.5000000000000000        1.00000000             262  0.74994962141283961     
  -5.0000000000000000       -2.5000000000000000        1.00000000             263  0.29863380112401527     
  -5.0000000000000000       -3.5000000000000000        1.00000000             264  0.61189511206090419     
  -5.0000000000000000       -4.5000000000000000        1.00000000             265  0.53103549694708674     
  -5.0000000000000000       -5.5000000000000000        1.00000000             266  0.36573355004065178     
  -5.0000000000000000       -6.5000000000000000        1.00000000             267  0.58376587288265558     
  -5.0000000000000000       -7.5000000000000000       -1.00000000             268  0.99309044196214247     
  -5.0000000000000000       -8.5000000000000000       -1.00000000             269  0.81222242169377090     
  -5.0000000000000000       -9.5000000000000000        1.00000000             270  0.14026500719654134     
  -6.0000000000000000      -0.50000000000000000        1.00000000             271  0.14017736685863913     
  -6.0000000000000000       -1.5000000000000000        1.00000000             272  0.21717027649287868     
  -6.0000000000000000       -2.5000000000000000        1.00000000             273  0.56714675345441912     
  -6.0000000000000000       -3.5000000000000000        1.00000000             274  0.13709752106520390     
  -6.0000000000000000       -4.5000000000000000       -1.00000000             275  0.90210045003979433     
  -6.0000000000000000       -5.5000000000000000        1.00000000             276   4.8680609675576192E-002
  -6.0000000000000000       -6.5000000000000000        1.00000000             277  0.56975018629150098     
  -6.0000000000000000       -7.5000000000000000        1.00000000             278  0.66106166439943270     
  -6.0000000000000000       -8.5000000000000000        1.00000000             279  0.14190520183787059     
  -6.0000000000000000       -9.5000000000000000        1.00000000             280  0.26030200494279065     
  -7.0000000000000000      -0.50000000000000000        1.00000000             281  0.68786227464883787     
  -7.0000000000000000       -1.5000000000000000        1.00000000             282  0.73183699409130587     
  -7.0000000000000000       -2.5000000000000000       -1.00000000             283  0.89699751174384867     
  -7.0000000000000000       -3.5000000000000000        1.00000000             284  0.12395014231024670     
  -7.0000000000000000       -4.5000000000000000        1.00000000             285   9.3455925390186989E-002
  -7.0000000000000000       -5.5000000000000000        1.00000000             286  0.16243738544349540     
  -7.0000000000000000       -6.5000000000000000        1.00000000             287  0.47552872456934314     
  -7.0000000000000000       -7.5000000000000000        1.00000000             288  0.43652565429845946     
  -7.0000000000000000       -8.5000000000000000        1.00000000             289  0.36858899279731794     
  -7.0000000000000000       -9.5000000000000000        1.00000000             290  0.39244448785142405     
  -8.0000000000000000      -0.50000000000000000        1.00000000             291  0.21749947291910865     
  -8.0000000000000000       -1.5000000000000000        1.00000000             292  0.52509310760046701     
  -8.0000000000000000       -2.5000000000000000        1.00000000             293  0.19466363331870418     
  -8.0000000000000000       -3.5000000000000000        1.00000000             294  0.61143407737824318     
  -8.0000000000000000       -4.5000000000000000        1.00000000             295  0.53395846173784589     
  -8.0000000000000000       -5.5000000000000000        1.00000000             296  0.58870800180248772     
  -8.0000000000000000       -6.5000000000000000        1.00000000             297  0.26575096055172787     
  -8.0000000000000000       -7.5000000000000000        1.00000000             298   4.1822797054180461E-002
  -8.0000000000000000       -8.5000000000000000        1.00000000             299  0.59700554621332358     
  -8.0000000000000000       -9.5000000000000000        1.00000000             300  0.49132460514622744     
  -9.0000000000000000      -0.50000000000000000        1.00000000             301  0.61019396750678134     
  -9.0000000000000000       -1.5000000000000000        1.00000000             302  0.52844500284972440     
  -9.0000000000000000       -2.5000000000000000        1.00000000             303   9.3505902731544355E-002
  -9.0000000000000000       -3.5000000000000000        1.00000000             304  0.59773023643040979     
  -9.0000000000000000       -4.5000000000000000        1.00000000             305   2.4948353872890183E-002
  -9.0000000000000000       -5.5000000000000000        1.00000000             306  0.41255017923453541     
  -9.0000000000000000       -6.5000000000000000        1.00000000             307  0.57030463150216015     
  -9.0000000000000000       -7.5000000000000000       -1.00000000             308  0.88657240000089532     
  -9.0000000000000000       -8.5000000000000000        1.00000000             309  0.51382582816987599     
  -9.0000000000000000       -9.5000000000000000        1.00000000             310  0.66834863704507741     
  -10.000000000000000      -0.50000000000000000       -1.00000000             311  0.81414176002941829     
  -10.000000000000000       -1.5000000000000000        1.00000000             312   4.0593520009674200E-002
  -10.000000000000000       -2.5000000000000000        1.00000000             313  0.38442433268028975     
  -10.000000000000000       -3.5000000000000000        1.00000000             314  0.73756349338986338     
  -10.000000000000000       -4.5000000000000000        1.00000000             315  0.23210855811693498     
  -10.000000000000000       -5.5000000000000000        1.00000000             316  0.13159050651982396     
  -10.000000000000000       -6.5000000000000000        1.00000000             317   8.3582305629024356E-002
  -10.000000000000000       -7.5000000000000000        1.00000000             318  0.14814180676731248     
  -10.000000000000000       -8.5000000000000000        1.00000000             319  0.36582784176616900     
  -10.000000000000000       -9.5000000000000000        1.00000000             320  0.34425662925604505     
 -0.50000000000000000        0.0000000000000000       -1.00000000             321  0.81291873450588537     
 -0.50000000000000000       -1.0000000000000000        1.00000000             322  0.19870847304623562     
 -0.50000000000000000       -2.0000000000000000        1.00000000             323  0.31913772472182256     
 -0.50000000000000000       -3.0000000000000000       -1.00000000             324  0.95427903395200298     
 -0.50000000000000000       -4.0000000000000000       -1.00000000             325  0.93872245352851702     
 -0.50000000000000000       -5.0000000000000000        1.00000000             326   9.4586467119858186E-002
 -0.50000000000000000       -6.0000000000000000        1.00000000             327  0.16476539536587909     
 -0.50000000000000000       -7.0000000000000000        1.00000000             328  0.36524339340646284     
 -0.50000000000000000       -8.0000000000000000       -1.00000000             329  0.83062692436126451     
 -0.50000000000000000       -9.0000000000000000       -1.00000000             330  0.86848035386181299     
 -0.50000000000000000       -10.000000000000000       -1.00000000             331  0.94550609882791870     
  -1.5000000000000000        0.0000000000000000        1.00000000             332   3.3745723992434584E-002
  -1.5000000000000000       -1.0000000000000000        1.00000000             333  0.32131492917685989     
  -1.5000000000000000       -2.0000000000000000        1.00000000             334  0.41209458591786019     
  -1.5000000000000000       -3.0000000000000000        1.00000000             335  0.35571089936400468     
  -1.5000000000000000       -4.0000000000000000        1.00000000             336  0.52850107443756900     
  -1.5000000000000000       -5.0000000000000000        1.00000000             337  0.62575243180753837     
  -1.5000000000000000       -6.0000000000000000        1.00000000             338   4.3522282106298715E-002
  -1.5000000000000000       -7.0000000000000000        1.00000000             339   9.9161435653280172E-002
  -1.5000000000000000       -8.0000000000000000        1.00000000             340  0.59581953715241953     
  -1.5000000000000000       -9.0000000000000000        1.00000000             341  0.66454297609388879     
  -1.5000000000000000       -10.000000000000000        1.00000000             342  0.36911581954059625     
  -2.5000000000000000        0.0000000000000000       -1.00000000             343  0.82679826155475689     
  -2.5000000000000000       -1.0000000000000000        1.00000000             344  0.30152561003544354     
  -2.5000000000000000       -2.0000000000000000        1.00000000             345  0.62440269301526929     
  -2.5000000000000000       -3.0000000000000000        1.00000000             346  0.17184864641182218     
  -2.5000000000000000       -4.0000000000000000        1.00000000             347  0.25053743183158783     
  -2.5000000000000000       -5.0000000000000000        1.00000000             348  0.22846143686100462     
  -2.5000000000000000       -6.0000000000000000        1.00000000             349   4.2991254593437223E-002
  -2.5000000000000000       -7.0000000000000000        1.00000000             350  0.74027641846466052     
  -2.5000000000000000       -8.0000000000000000        1.00000000             351  0.79969490921500164     
  -2.5000000000000000       -9.0000000000000000        1.00000000             352  0.62885048356121676     
  -2.5000000000000000       -10.000000000000000        1.00000000             353  0.12104290520745664     
  -3.5000000000000000        0.0000000000000000       -1.00000000             354  0.81670155061890348     
  -3.5000000000000000       -1.0000000000000000       -1.00000000             355  0.94344240008549973     
  -3.5000000000000000       -2.0000000000000000       -1.00000000             356  0.96566770369843391     
  -3.5000000000000000       -3.0000000000000000       -1.00000000             357  0.85620774544419742     
  -3.5000000000000000       -4.0000000000000000        1.00000000             358  0.55906842716121963     
  -3.5000000000000000       -5.0000000000000000       -1.00000000             359  0.97859952807934025     
  -3.5000000000000000       -6.0000000000000000        1.00000000             360  0.78055095768676697     
  -3.5000000000000000       -7.0000000000000000        1.00000000             361  0.51138299180118763     
  -3.5000000000000000       -8.0000000000000000        1.00000000             362  0.53480064413620643     
  -3.5000000000000000       -9.0000000000000000        1.00000000             363  0.79309114589493479     
  -3.5000000000000000       -10.000000000000000       -1.00000000             364  0.99955177016504737     
  -4.5000000000000000        0.0000000000000000        1.00000000             365  0.12947914232450397     
  -4.5000000000000000       -1.0000000000000000        1.00000000             366  0.19181713554938062     
  -4.5000000000000000       -2.0000000000000000        1.00000000             367  0.78916116092746047     
  -4.5000000000000000       -3.0000000000000000        1.00000000             368  0.68042696467276531     
  -4.5000000000000000       -4.0000000000000000        1.00000000             369   1.4979790752352118E-002
  -4.5000000000000000       -5.0000000000000000        1.00000000             370  0.51356698713358140     
  -4.5000000000000000       -6.0000000000000000        1.00000000             371  0.44812369224504323     
  -4.5000000000000000       -7.0000000000000000       -1.00000000             372  0.81150536296832620     
  -4.5000000000000000       -8.0000000000000000        1.00000000             373  0.27726050157967741     
  -4.5000000000000000       -9.0000000000000000        1.00000000             374  0.19176141731563623     
  -4.5000000000000000       -10.000000000000000        1.00000000             375  0.42338403480158637     
  -5.5000000000000000        0.0000000000000000        1.00000000             376  0.68502628531812315     
  -5.5000000000000000       -1.0000000000000000        1.00000000             377  0.71188161166983277     
  -5.5000000000000000       -2.0000000000000000        1.00000000             378  0.22687841062976977     
  -5.5000000000000000       -3.0000000000000000        1.00000000             379   8.5267602408910848E-002
  -5.5000000000000000       -4.0000000000000000        1.00000000             380  0.44299326031415442     
  -5.5000000000000000       -5.0000000000000000        1.00000000             381   3.7518433346184210E-003
  -5.5000000000000000       -6.0000000000000000        1.00000000             382  0.45715733587710727     
  -5.5000000000000000       -7.0000000000000000        1.00000000             383  0.23439501207845004     
  -5.5000000000000000       -8.0000000000000000        1.00000000             384   2.7221838352499916E-002
  -5.5000000000000000       -9.0000000000000000       -1.00000000             385  0.81648717357682976     
  -5.5000000000000000       -10.000000000000000        1.00000000             386  0.48606749003572736     
  -6.5000000000000000        0.0000000000000000        1.00000000             387  0.47347195768029737     
  -6.5000000000000000       -1.0000000000000000        1.00000000             388   8.0773175650044271E-002
  -6.5000000000000000       -2.0000000000000000        1.00000000             389  0.20027681819923715     
  -6.5000000000000000       -3.0000000000000000        1.00000000             390  0.60122863379827707     
  -6.5000000000000000       -4.0000000000000000        1.00000000             391  0.63706553893157247     
  -6.5000000000000000       -5.0000000000000000        1.00000000             392   1.1868481806294295E-002
  -6.5000000000000000       -6.0000000000000000        1.00000000             393   7.0239856834105163E-002
  -6.5000000000000000       -7.0000000000000000        1.00000000             394  0.17528408562063724     
  -6.5000000000000000       -8.0000000000000000       -1.00000000             395  0.97269936938359958     
  -6.5000000000000000       -9.0000000000000000        1.00000000             396  0.46304948222192033     
  -6.5000000000000000       -10.000000000000000        1.00000000             397  0.62158699035883824     
  -7.5000000000000000        0.0000000000000000       -1.00000000             398  0.85670524495190148     
  -7.5000000000000000       -1.0000000000000000        1.00000000             399  0.22127137634897553     
  -7.5000000000000000       -2.0000000000000000        1.00000000             400  0.23046325443260562     
  -7.5000000000000000       -3.0000000000000000        1.00000000             401  0.63498832629408963     
  -7.5000000000000000       -4.0000000000000000        1.00000000             402  0.19045048223126637     
  -7.5000000000000000       -5.0000000000000000        1.00000000             403  0.28719468579445773     
  -7.5000000000000000       -6.0000000000000000        1.00000000             404   9.9712574675466570E-002
  -7.5000000000000000       -7.0000000000000000        1.00000000             405  0.13449789755637009     
  -7.5000000000000000       -8.0000000000000000        1.00000000             406  0.16133457822287711     
  -7.5000000000000000       -9.0000000000000000        1.00000000             407  0.30840048334862857     
  -7.5000000000000000       -10.000000000000000        1.00000000             408  0.57633284976104138     
  -8.5000000000000000        0.0000000000000000       -1.00000000             409  0.85706771794325820     
  -8.5000000000000000       -1.0000000000000000        1.00000000             410   6.7734670609078673E-002
  -8.5000000000000000       -2.0000000000000000        1.00000000             411  0.76831034614582328     
  -8.5000000000000000       -3.0000000000000000        1.00000000             412  0.59526129796579330     
  -8.5000000000000000       -4.0000000000000000       -1.00000000             413  0.94902740644450101     
  -8.5000000000000000       -5.0000000000000000        1.00000000             414  0.21896009013717810     
  -8.5000000000000000       -6.0000000000000000        1.00000000             415  0.26706090452035025     
  -8.5000000000000000       -7.0000000000000000        1.00000000             416  0.76082331940095393     
  -8.5000000000000000       -8.0000000000000000        1.00000000             417  0.71511474751252257     
  -8.5000000000000000       -9.0000000000000000        1.00000000             418  0.21646413869395109     
  -8.5000000000000000       -10.000000000000000        1.00000000             419  0.56867214164671986     
  -9.5000000000000000        0.0000000000000000        1.00000000             420  0.15344669463404281     
  -9.5000000000000000       -1.0000000000000000        1.00000000             421  0.76262893911644458     
  -9.5000000000000000       -2.0000000000000000        1.00000000             422  0.31207741015104851     
  -9.5000000000000000       -3.0000000000000000        1.00000000             423  0.17001781304530517     
  -9.5000000000000000       -4.0000000000000000        1.00000000             424  0.34436020795605404     
  -9.5000000000000000       -5.0000000000000000        1.00000000             425  0.20216037869814263     
  -9.5000000000000000       -6.0000000000000000        1.00000000             426  0.56764940404202424     
  -9.5000000000000000       -7.0000000000000000        1.00000000             427  0.61305054267729253     
  -9.5000000000000000       -8.0000000000000000        1.00000000             428  0.69691374305997178     
  -9.5000000000000000       -9.0000000000000000        1.00000000             429  0.47204101532831388     
  -9.5000000000000000       -10.000000000000000        1.00000000             430  0.54836107015709656     
   10.000000000000000       -9.5000000000000000        1.00000000             431  0.27585678005235370     
   10.000000000000000       -8.5000000000000000        1.00000000             432  0.33233141670603639     
   10.000000000000000       -7.5000000000000000        1.00000000             433  0.55208479962363188     
   10.000000000000000       -6.5000000000000000        1.00000000             434  0.70200009587540235     
   10.000000000000000       -5.5000000000000000        1.00000000             435  0.19750291409221643     
   10.000000000000000       -4.5000000000000000        1.00000000             436  0.57482888864346049     
   10.000000000000000       -3.5000000000000000        1.00000000             437  0.55922257632543249     
   10.000000000000000       -2.5000000000000000       -1.00000000             438  0.84656586440539039     
   10.000000000000000       -1.5000000000000000        1.00000000             439  0.37687576379737198     
   10.000000000000000      -0.50000000000000000        1.00000000             440  0.72909459139448984     
   9.0000000000000000       -9.5000000000000000        1.00000000             441  0.67877178870660504     
   9.0000000000000000       -8.5000000000000000        1.00000000             442  0.59246270206761820     
   9.0000000000000000       -7.5000000000000000        1.00000000             443  0.33993132684669425     
   9.0000000000000000       -6.5000000000000000        1.00000000             444  0.66130035594303271     
   9.0000000000000000       -5.5000000000000000       -1.00000000             445  0.86598232429247357     
   9.0000000000000000       -4.5000000000000000        1.00000000             446  0.16929547284635915     
   9.0000000000000000       -3.5000000000000000        1.00000000             447  0.48355671423138247     
   9.0000000000000000       -2.5000000000000000        1.00000000             448  0.10310994978884447     
   9.0000000000000000       -1.5000000000000000        1.00000000             449  0.13535850160068685     
   9.0000000000000000      -0.50000000000000000       -1.00000000             450  0.92598368516283958     
   8.0000000000000000       -9.5000000000000000        1.00000000             451  0.71428097088968945     
   8.0000000000000000       -8.5000000000000000        1.00000000             452  0.58490492895075408     
   8.0000000000000000       -7.5000000000000000       -1.00000000             453  0.97487138508748294     
   8.0000000000000000       -6.5000000000000000        1.00000000             454  0.48759467508421583     
   8.0000000000000000       -5.5000000000000000        1.00000000             455  0.70512114290412409     
   8.0000000000000000       -4.5000000000000000       -1.00000000             456  0.93422857890943911     
   8.0000000000000000       -3.5000000000000000        1.00000000             457  0.28799878667400391     
   8.0000000000000000       -2.5000000000000000        1.00000000             458  0.46068743557874503     
   8.0000000000000000       -1.5000000000000000        1.00000000             459  0.11674376209421922     
   8.0000000000000000      -0.50000000000000000        1.00000000             460  0.37571680391817408     
   7.0000000000000000       -9.5000000000000000        1.00000000             461  0.14819173457529033     
   7.0000000000000000       -8.5000000000000000        1.00000000             462  0.53897830975244465     
   7.0000000000000000       -7.5000000000000000        1.00000000             463  0.54782942665948520     
   7.0000000000000000       -6.5000000000000000        1.00000000             464  0.29095042513271363     
   7.0000000000000000       -5.5000000000000000        1.00000000             465  0.34410166008156340     
   7.0000000000000000       -4.5000000000000000        1.00000000             466  0.72534750384402635     
   7.0000000000000000       -3.5000000000000000        1.00000000             467  0.71837843739296747     
   7.0000000000000000       -2.5000000000000000       -1.00000000             468  0.90367256034277088     
   7.0000000000000000       -1.5000000000000000        1.00000000             469  0.25662378175236389     
   7.0000000000000000      -0.50000000000000000        1.00000000             470  0.21358398067473894     
   6.0000000000000000       -9.5000000000000000        1.00000000             471  0.27348603308620978     
   6.0000000000000000       -8.5000000000000000        1.00000000             472  0.72613721985942514     
   6.0000000000000000       -7.5000000000000000        1.00000000             473  0.77708532582796597     
   6.0000000000000000       -6.5000000000000000        1.00000000             474  0.24927746237265458     
   6.0000000000000000       -5.5000000000000000        1.00000000             475  0.69768237537222122     
   6.0000000000000000       -4.5000000000000000        1.00000000             476  0.65965092653570967     
   6.0000000000000000       -3.5000000000000000        1.00000000             477  0.17816921222964699     
   6.0000000000000000       -2.5000000000000000        1.00000000             478  0.57101718788173184     
   6.0000000000000000       -1.5000000000000000        1.00000000             479  0.40318116599125575     
   6.0000000000000000      -0.50000000000000000       -1.00000000             480  0.89872629500261891     
   5.0000000000000000       -9.5000000000000000        1.00000000             481  0.12223229237841526     
   5.0000000000000000       -8.5000000000000000       -1.00000000             482  0.97524842284192914     
   5.0000000000000000       -7.5000000000000000        1.00000000             483  0.51080887443439882     
   5.0000000000000000       -6.5000000000000000        1.00000000             484   6.5412333662276057E-002
   5.0000000000000000       -5.5000000000000000        1.00000000             485  0.24007402690902446     
   5.0000000000000000       -4.5000000000000000        1.00000000             486  0.24754657107835665     
   5.0000000000000000       -3.5000000000000000        1.00000000             487  0.26825219146812018     
   5.0000000000000000       -2.5000000000000000        1.00000000             488  0.78165603255753491     
   5.0000000000000000       -1.5000000000000000        1.00000000             489  0.61030569105253485     
   5.0000000000000000      -0.50000000000000000        1.00000000             490  0.48120963009583617     
   4.0000000000000000       -9.5000000000000000        1.00000000             491  0.75760533794410889     
   4.0000000000000000       -8.5000000000000000        1.00000000             492  0.25188226876137820     
   4.0000000000000000       -7.5000000000000000        1.00000000             493  0.11733459930548340     
   4.0000000000000000       -6.5000000000000000       -1.00000000             494  0.84938026492411622     
   4.0000000000000000       -5.5000000000000000       -1.00000000             495  0.96019948123655885     
   4.0000000000000000       -4.5000000000000000       -1.00000000             496  0.98822893967293690     
   4.0000000000000000       -3.5000000000000000        1.00000000             497  0.33353755055936574     
   4.0000000000000000       -2.5000000000000000        1.00000000             498  0.63091088238350046     
   4.0000000000000000       -1.5000000000000000        1.00000000             499  0.65378170754175469     
   4.0000000000000000      -0.50000000000000000       -1.00000000             500  0.86888492733555456     
   3.0000000000000000       -9.5000000000000000       -1.00000000             501  0.87219457322258831     
   3.0000000000000000       -8.5000000000000000        1.00000000             502   5.4137255281131447E-003
   3.0000000000000000       -7.5000000000000000       -1.00000000             503  0.92516105305563201     
   3.0000000000000000       -6.5000000000000000        1.00000000             504  0.43189314767312370     
   3.0000000000000000       -5.5000000000000000        1.00000000             505  0.35661689115587447     
   3.0000000000000000       -4.5000000000000000        1.00000000             506  0.33185213421968085     
   3.0000000000000000       -3.5000000000000000        1.00000000             507  0.47076608843587808     
   3.0000000000000000       -2.5000000000000000        1.00000000             508   3.2551608867753878E-002
   3.0000000000000000       -1.5000000000000000        1.00000000             509  0.46810204583119941     
   3.0000000000000000      -0.50000000000000000        1.00000000             510  0.26214880048396005     
   2.0000000000000000       -9.5000000000000000        1.00000000             511  0.17213402289922985     
   2.0000000000000000       -8.5000000000000000        1.00000000             512  0.19837367379682902     
   2.0000000000000000       -7.5000000000000000        1.00000000             513  0.44238203067266557     
   2.0000000000000000       -6.5000000000000000        1.00000000             514   3.8027564389203961E-002
   2.0000000000000000       -5.5000000000000000        1.00000000             515  0.68147795493828534     
   2.0000000000000000       -4.5000000000000000        1.00000000             516  0.50663155398879056     
   2.0000000000000000       -3.5000000000000000        1.00000000             517  0.62732861323683808     
   2.0000000000000000       -2.5000000000000000        1.00000000             518  0.34797001649950954     
   2.0000000000000000       -1.5000000000000000        1.00000000             519  0.57763790760929246     
   2.0000000000000000      -0.50000000000000000        1.00000000             520   3.6711896544558420E-002
   1.0000000000000000       -9.5000000000000000        1.00000000             521   5.1140956174663854E-002
   1.0000000000000000       -8.5000000000000000       -1.00000000             522  0.95947459369537180     
   1.0000000000000000       -7.5000000000000000       -1.00000000             523  0.86808412357366505     
   1.0000000000000000       -6.5000000000000000        1.00000000             524  0.26049224202952259     
   1.0000000000000000       -5.5000000000000000        1.00000000             525  0.63573822632031707     
   1.0000000000000000       -4.5000000000000000        1.00000000             526  0.69284293052578338     
   1.0000000000000000       -3.5000000000000000        1.00000000             527  0.72714632308580762     
   1.0000000000000000       -2.5000000000000000        1.00000000             528  0.48942861364914303     
   1.0000000000000000       -1.5000000000000000        1.00000000             529   6.4135135503351925E-002
   1.0000000000000000      -0.50000000000000000        1.00000000             530  0.15919897743719913     
   0.0000000000000000       -9.5000000000000000       -1.00000000             531  0.98533148789837910     
   0.0000000000000000       -8.5000000000000000        1.00000000             532  0.35611089140590224     
   0.0000000000000000       -7.5000000000000000        1.00000000             533  0.36839636454161317     
   0.0000000000000000       -6.5000000000000000       -1.00000000             534  0.94326350544830273     
   0.0000000000000000       -5.5000000000000000       -1.00000000             535  0.93322863703803050     
   0.0000000000000000       -4.5000000000000000       -1.00000000             536  0.90050260559639306     
   0.0000000000000000       -3.5000000000000000        1.00000000             537  0.76185870501197350     
   0.0000000000000000       -2.5000000000000000        1.00000000             538  0.54728951012296567     
   0.0000000000000000       -1.5000000000000000        1.00000000             539   5.5229454272067380E-002
   0.0000000000000000      -0.50000000000000000        1.00000000             540  0.74783413775226315     
   9.5000000000000000       -10.000000000000000        1.00000000             541  0.38288555793536028     
   9.5000000000000000       -9.0000000000000000        1.00000000             542  0.68755228136777957     
   9.5000000000000000       -8.0000000000000000        1.00000000             543  0.70219570649405838     
   9.5000000000000000       -7.0000000000000000       -1.00000000             544  0.94909481207089752     
   9.5000000000000000       -6.0000000000000000        1.00000000             545  0.47158615000767945     
   9.5000000000000000       -5.0000000000000000        1.00000000             546  0.72207527647076686     
   9.5000000000000000       -4.0000000000000000        1.00000000             547  0.43993332039276567     
   9.5000000000000000       -3.0000000000000000        1.00000000             548  0.26601722351628521     
   9.5000000000000000       -2.0000000000000000        1.00000000             549  0.15964172901681128     
   9.5000000000000000       -1.0000000000000000       -1.00000000             550  0.98835666025817914     
   8.5000000000000000       -10.000000000000000        1.00000000             551  0.12543840290813035     
   8.5000000000000000       -9.0000000000000000       -1.00000000             552  0.83982796598783072     
   8.5000000000000000       -8.0000000000000000       -1.00000000             553  0.85299089800032291     
   8.5000000000000000       -7.0000000000000000        1.00000000             554  0.35399563298100090     
   8.5000000000000000       -6.0000000000000000        1.00000000             555  0.41610859248477039     
   8.5000000000000000       -5.0000000000000000       -1.00000000             556  0.82233424655575404     
   8.5000000000000000       -4.0000000000000000        1.00000000             557  0.13341127388016849     
   8.5000000000000000       -3.0000000000000000        1.00000000             558  0.70236570157219091     
   8.5000000000000000       -2.0000000000000000        1.00000000             559  0.10880481176712220     
   8.5000000000000000       -1.0000000000000000        1.00000000             560  0.53864091607354703     
   7.5000000000000000       -10.000000000000000        1.00000000             561  0.48498776847334513     
   7.5000000000000000       -9.0000000000000000        1.00000000             562  0.30153044745110258     
   7.5000000000000000       -8.0000000000000000        1.00000000             563  0.55269695971033794     
   7.5000000000000000       -7.0000000000000000       -1.00000000             564  0.92683660473614327     
   7.5000000000000000       -6.0000000000000000        1.00000000             565  0.25038882948713492     
   7.5000000000000000       -5.0000000000000000        1.00000000             566  0.70506451303965179     
   7.5000000000000000       -4.0000000000000000        1.00000000             567  0.43529085545412360     
   7.5000000000000000       -3.0000000000000000        1.00000000             568   1.2501073230000159E-002
   7.5000000000000000       -2.0000000000000000        1.00000000             569  0.18471624390878838     
   7.5000000000000000       -1.0000000000000000        1.00000000             570  0.76688871631362709     
   6.5000000000000000       -10.000000000000000        1.00000000             571   4.0305176887676208E-002
   6.5000000000000000       -9.0000000000000000       -1.00000000             572  0.86180756134833925     
   6.5000000000000000       -8.0000000000000000        1.00000000             573   6.4587490198996012E-002
   6.5000000000000000       -7.0000000000000000        1.00000000             574  0.76538535339086033     
   6.5000000000000000       -6.0000000000000000        1.00000000             575  0.72628571982627621     
   6.5000000000000000       -5.0000000000000000        1.00000000             576  0.73920660213619349     
   6.5000000000000000       -4.0000000000000000        1.00000000             577  0.23197475616790109     
   6.5000000000000000       -3.0000000000000000        1.00000000             578  0.16944075817406257     
   6.5000000000000000       -2.0000000000000000        1.00000000             579  0.53880695243456955     
   6.5000000000000000       -1.0000000000000000       -1.00000000             580  0.91606170058157765     
   5.5000000000000000       -10.000000000000000        1.00000000             581  0.66412797520105260     
   5.5000000000000000       -9.0000000000000000       -1.00000000             582  0.82721762515117514     
   5.5000000000000000       -8.0000000000000000        1.00000000             583  0.35943442432485795     
   5.5000000000000000       -7.0000000000000000        1.00000000             584   7.9770592870026524E-003
   5.5000000000000000       -6.0000000000000000       -1.00000000             585  0.81111290787684820     
   5.5000000000000000       -5.0000000000000000        1.00000000             586  0.40648987051501373     
   5.5000000000000000       -4.0000000000000000        1.00000000             587  0.22846766231880078     
   5.5000000000000000       -3.0000000000000000        1.00000000             588  0.10665434766089521     
   5.5000000000000000       -2.0000000000000000        1.00000000             589  0.34928321995341038     
   5.5000000000000000       -1.0000000000000000        1.00000000             590  0.26431138841762392     
   4.5000000000000000       -10.000000000000000        1.00000000             591   2.2562905841492453E-002
   4.5000000000000000       -9.0000000000000000        1.00000000             592  0.79009477675090134     
   4.5000000000000000       -8.0000000000000000        1.00000000             593  0.15896563486480519     
   4.5000000000000000       -7.0000000000000000        1.00000000             594  0.69206866271221312     
   4.5000000000000000       -6.0000000000000000        1.00000000             595   7.4069291720242014E-002
   4.5000000000000000       -5.0000000000000000        1.00000000             596  0.30310880479151137     
   4.5000000000000000       -4.0000000000000000        1.00000000             597  0.23068021769934810     
   4.5000000000000000       -3.0000000000000000        1.00000000             598  0.39867040787295283     
   4.5000000000000000       -2.0000000000000000       -1.00000000             599  0.95361615024490443     
   4.5000000000000000       -1.0000000000000000       -1.00000000             600  0.91883366698964364     
   3.5000000000000000       -10.000000000000000        1.00000000             601  0.40214481535693569     
   3.5000000000000000       -9.0000000000000000       -1.00000000             602  0.98566929569029382     
   3.5000000000000000       -8.0000000000000000        1.00000000             603  0.49232699241626854     
   3.5000000000000000       -7.0000000000000000        1.00000000             604  0.18525253932977537     
   3.5000000000000000       -6.0000000000000000        1.00000000             605  0.69978368463782581     
   3.5000000000000000       -5.0000000000000000        1.00000000             606  0.68652452832910693     
   3.5000000000000000       -4.0000000000000000        1.00000000             607  0.17540802742264050     
   3.5000000000000000       -3.0000000000000000        1.00000000             608  0.71141537990791459     
   3.5000000000000000       -2.0000000000000000        1.00000000             609  0.50385907730904134     
   3.5000000000000000       -1.0000000000000000        1.00000000             610  0.18052727432432492     
   2.5000000000000000       -10.000000000000000        1.00000000             611  0.44517862450209544     
   2.5000000000000000       -9.0000000000000000        1.00000000             612  0.65292286837251579     
   2.5000000000000000       -8.0000000000000000        1.00000000             613   6.5693485980161559E-002
   2.5000000000000000       -7.0000000000000000        1.00000000             614  0.55151068006425574     
   2.5000000000000000       -6.0000000000000000        1.00000000             615  0.70819259332751749     
   2.5000000000000000       -5.0000000000000000        1.00000000             616  0.32142602155597566     
   2.5000000000000000       -4.0000000000000000        1.00000000             617  0.64249846676751421     
   2.5000000000000000       -3.0000000000000000       -1.00000000             618  0.96057026234807696     
   2.5000000000000000       -2.0000000000000000        1.00000000             619  0.13145817673674520     
   2.5000000000000000       -1.0000000000000000        1.00000000             620  0.46470604168469054     
   1.5000000000000000       -10.000000000000000        1.00000000             621  0.44654629316334682     
   1.5000000000000000       -9.0000000000000000       -1.00000000             622  0.93710480810783836     
   1.5000000000000000       -8.0000000000000000        1.00000000             623  0.14256619673003368     
   1.5000000000000000       -7.0000000000000000       -1.00000000             624  0.86233589974598179     
   1.5000000000000000       -6.0000000000000000        1.00000000             625  0.67196339783121017     
   1.5000000000000000       -5.0000000000000000       -1.00000000             626  0.99875165687863388     
   1.5000000000000000       -4.0000000000000000        1.00000000             627  0.25813149619432219     
   1.5000000000000000       -3.0000000000000000        1.00000000             628  0.55221133790343668     
   1.5000000000000000       -2.0000000000000000        1.00000000             629   2.8097774902651862E-002
   1.5000000000000000       -1.0000000000000000        1.00000000             630   7.6283399909939154E-002
  0.50000000000000000       -10.000000000000000        1.00000000             631  0.49034935551964098     
  0.50000000000000000       -9.0000000000000000        1.00000000             632   3.7669774863401839E-002
  0.50000000000000000       -8.0000000000000000        1.00000000             633   9.8502979921894163E-002
  0.50000000000000000       -7.0000000000000000       -1.00000000             634  0.81001867937072158     
  0.50000000000000000       -6.0000000000000000       -1.00000000             635  0.90715965966506507     
  0.50000000000000000       -5.0000000000000000        1.00000000             636  0.58606819337679994     
  0.50000000000000000       -4.0000000000000000        1.00000000             637  0.79309240533415115     
  0.50000000000000000       -3.0000000000000000        1.00000000             638  0.51755276159833674     
  0.50000000000000000       -2.0000000000000000        1.00000000             639  0.44175592649999074     
  0.50000000000000000       -1.0000000000000000        1.00000000             640  0.54459206156285556     
  -10.000000000000000        9.5000000000000000        1.00000000             641  0.56309525663397453     
  -10.000000000000000        8.5000000000000000        1.00000000             642  0.29914410937030134     
  -10.000000000000000        7.5000000000000000        1.00000000             643  0.63653972157576411     
  -10.000000000000000        6.5000000000000000       -1.00000000             644  0.81470555583387860     
  -10.000000000000000        5.5000000000000000        1.00000000             645  0.34222518754457043     
  -10.000000000000000        4.5000000000000000        1.00000000             646  0.49902913876525723     
  -10.000000000000000        3.5000000000000000       -1.00000000             647  0.87715229736492140     
  -10.000000000000000        2.5000000000000000        1.00000000             648  0.26520637556891002     
  -10.000000000000000        1.5000000000000000        1.00000000             649  0.64595544937900296     
  -10.000000000000000       0.50000000000000000       -1.00000000             650  0.91647203770712349     
  -9.0000000000000000        9.5000000000000000        1.00000000             651  0.56087756061291449     
  -9.0000000000000000        8.5000000000000000        1.00000000             652  0.56599773586738922     
  -9.0000000000000000        7.5000000000000000       -1.00000000             653  0.87751374628830037     
  -9.0000000000000000        6.5000000000000000        1.00000000             654  0.21042019736271589     
  -9.0000000000000000        5.5000000000000000       -1.00000000             655  0.99167405961679045     
  -9.0000000000000000        4.5000000000000000        1.00000000             656  0.42841593742994544     
  -9.0000000000000000        3.5000000000000000        1.00000000             657  0.79724064660008831     
  -9.0000000000000000        2.5000000000000000        1.00000000             658  0.73110438071392947     
  -9.0000000000000000        1.5000000000000000       -1.00000000             659  0.82313986706141673     
  -9.0000000000000000       0.50000000000000000        1.00000000             660  0.14332786207630055     
  -8.0000000000000000        9.5000000000000000        1.00000000             661  0.27460374205183824     
  -8.0000000000000000        8.5000000000000000        1.00000000             662  0.77090338350637821     
  -8.0000000000000000        7.5000000000000000        1.00000000             663  0.51119738067687048     
  -8.0000000000000000        6.5000000000000000       -1.00000000             664  0.85285117797919530     
  -8.0000000000000000        5.5000000000000000        1.00000000             665  0.60197737529946005     
  -8.0000000000000000        4.5000000000000000        1.00000000             666  0.69311632210095053     
  -8.0000000000000000        3.5000000000000000       -1.00000000             667  0.84988216394998117     
  -8.0000000000000000        2.5000000000000000        1.00000000             668  0.22286019197598139     
  -8.0000000000000000        1.5000000000000000        1.00000000             669  0.56153577699278723     
  -8.0000000000000000       0.50000000000000000        1.00000000             670   8.7531070827725155E-002
  -7.0000000000000000        9.5000000000000000        1.00000000             671  0.36714316554982751     
  -7.0000000000000000        8.5000000000000000       -1.00000000             672  0.89063714049872733     
  -7.0000000000000000        7.5000000000000000        1.00000000             673  0.43432484532363891     
  -7.0000000000000000        6.5000000000000000        1.00000000             674  0.15394161497077774     
  -7.0000000000000000        5.5000000000000000        1.00000000             675  0.24233220335418537     
  -7.0000000000000000        4.5000000000000000       -1.00000000             676  0.95626734972880312     
  -7.0000000000000000        3.5000000000000000        1.00000000             677  0.63772716767933635     
  -7.0000000000000000        2.5000000000000000        1.00000000             678   3.3557888130534841E-002
  -7.0000000000000000        1.5000000000000000       -1.00000000             679  0.84943535570008932     
  -7.0000000000000000       0.50000000000000000        1.00000000             680  0.61954817922102656     
  -6.0000000000000000        9.5000000000000000        1.00000000             681  0.63213100878763306     
  -6.0000000000000000        8.5000000000000000       -1.00000000             682  0.92298486034807581     
  -6.0000000000000000        7.5000000000000000       -1.00000000             683  0.85637842553710730     
  -6.0000000000000000        6.5000000000000000        1.00000000             684  0.11726801239268880     
  -6.0000000000000000        5.5000000000000000        1.00000000             685  0.28556305199527421     
  -6.0000000000000000        4.5000000000000000        1.00000000             686  0.14577013933936034     
  -6.0000000000000000        3.5000000000000000        1.00000000             687  0.32886162887733139     
  -6.0000000000000000        2.5000000000000000        1.00000000             688  0.26815526573034032     
  -6.0000000000000000        1.5000000000000000       -1.00000000             689  0.83228010546199449     
  -6.0000000000000000       0.50000000000000000        1.00000000             690  0.29659200790274598     
  -5.0000000000000000        9.5000000000000000        1.00000000             691  0.21119806673934993     
  -5.0000000000000000        8.5000000000000000        1.00000000             692  0.75884788232175115     
  -5.0000000000000000        7.5000000000000000        1.00000000             693  0.33204866608423023     
  -5.0000000000000000        6.5000000000000000        1.00000000             694  0.21261991700535809     
  -5.0000000000000000        5.5000000000000000        1.00000000             695  0.35394751660667634     
  -5.0000000000000000        4.5000000000000000        1.00000000             696  0.63230200346031162     
  -5.0000000000000000        3.5000000000000000        1.00000000             697  0.79679420537335399     
  -5.0000000000000000        2.5000000000000000        1.00000000             698  0.66884579576133885     
  -5.0000000000000000        1.5000000000000000        1.00000000             699   2.3108441045055494E-003
  -5.0000000000000000       0.50000000000000000        1.00000000             700  0.22848719314487487     
  -4.0000000000000000        9.5000000000000000        1.00000000             701  0.23308823363286268     
  -4.0000000000000000        8.5000000000000000        1.00000000             702  0.74827508767939421     
  -4.0000000000000000        7.5000000000000000        1.00000000             703  0.52086534615354585     
  -4.0000000000000000        6.5000000000000000       -1.00000000             704  0.85424126627123864     
  -4.0000000000000000        5.5000000000000000        1.00000000             705  0.33385411866233150     
  -4.0000000000000000        4.5000000000000000        1.00000000             706  0.40930678843710055     
  -4.0000000000000000        3.5000000000000000        1.00000000             707  0.60067772069100245     
  -4.0000000000000000        2.5000000000000000        1.00000000             708  0.44481489851286338     
  -4.0000000000000000        1.5000000000000000        1.00000000             709  0.42227548389097769     
  -4.0000000000000000       0.50000000000000000       -1.00000000             710  0.86528066117776115     
  -3.0000000000000000        9.5000000000000000       -1.00000000             711  0.82169926050520092     
  -3.0000000000000000        8.5000000000000000        1.00000000             712  0.66546864680783135     
  -3.0000000000000000        7.5000000000000000        1.00000000             713  0.58546582870453578     
  -3.0000000000000000        6.5000000000000000        1.00000000             714  0.40441090119370926     
  -3.0000000000000000        5.5000000000000000        1.00000000             715  0.58944675092961096     
  -3.0000000000000000        4.5000000000000000       -1.00000000             716  0.93498377163361046     
  -3.0000000000000000        3.5000000000000000        1.00000000             717  0.71900636446884381     
  -3.0000000000000000        2.5000000000000000        1.00000000             718   6.6366622544420384E-003
  -3.0000000000000000        1.5000000000000000        1.00000000             719  0.63686781941434301     
  -3.0000000000000000       0.50000000000000000        1.00000000             720   2.7001069369705366E-003
  -2.0000000000000000        9.5000000000000000       -1.00000000             721  0.86218563536154202     
  -2.0000000000000000        8.5000000000000000        1.00000000             722  0.11816223077533183     
  -2.0000000000000000        7.5000000000000000        1.00000000             723  0.59011401546388764     
  -2.0000000000000000        6.5000000000000000        1.00000000             724  0.59862627657424117     
  -2.0000000000000000        5.5000000000000000        1.00000000             725   3.1141203240985127E-002
  -2.0000000000000000        4.5000000000000000        1.00000000             726   5.6218705201157904E-002
  -2.0000000000000000        3.5000000000000000        1.00000000             727  0.59818019884438278     
  -2.0000000000000000        2.5000000000000000        1.00000000             728  0.11734319707673369     
  -2.0000000000000000        1.5000000000000000        1.00000000             729  0.43293317217056138     
  -2.0000000000000000       0.50000000000000000        1.00000000             730  0.15053409490156622     
  -1.0000000000000000        9.5000000000000000        1.00000000             731  0.78893715689238930     
  -1.0000000000000000        8.5000000000000000        1.00000000             732  0.19673046619627232     
  -1.0000000000000000        7.5000000000000000        1.00000000             733  0.24369158435366922     
  -1.0000000000000000        6.5000000000000000       -1.00000000             734  0.91673719102515216     
  -1.0000000000000000        5.5000000000000000        1.00000000             735  0.20926854746062740     
  -1.0000000000000000        4.5000000000000000        1.00000000             736  0.23880820205032294     
  -1.0000000000000000        3.5000000000000000        1.00000000             737  0.15968874290676238     
  -1.0000000000000000        2.5000000000000000       -1.00000000             738  0.99622972929020193     
  -1.0000000000000000        1.5000000000000000        1.00000000             739  0.33941207187035971     
  -1.0000000000000000       0.50000000000000000        1.00000000             740  0.62364583903902748     
  -9.5000000000000000        10.000000000000000       -1.00000000             741  0.82568720083694958     
  -9.5000000000000000        9.0000000000000000        1.00000000             742  0.37985483032521550     
  -9.5000000000000000        8.0000000000000000       -1.00000000             743  0.97965989569302159     
  -9.5000000000000000        7.0000000000000000       -1.00000000             744  0.85190988491575326     
  -9.5000000000000000        6.0000000000000000       -1.00000000             745  0.95920624427281653     
  -9.5000000000000000        5.0000000000000000        1.00000000             746  0.26908525272030415     
  -9.5000000000000000        4.0000000000000000        1.00000000             747  0.64263719998369018     
  -9.5000000000000000        3.0000000000000000       -1.00000000             748  0.88474686417270054     
  -9.5000000000000000        2.0000000000000000        1.00000000             749  0.33332076568299229     
  -9.5000000000000000        1.0000000000000000        1.00000000             750  0.50688899348379868     
  -8.5000000000000000        10.000000000000000        1.00000000             751  0.13331498516205964     
  -8.5000000000000000        9.0000000000000000        1.00000000             752  0.23236862885514264     
  -8.5000000000000000        8.0000000000000000        1.00000000             753  0.46335294963780627     
  -8.5000000000000000        7.0000000000000000        1.00000000             754  0.52817581384422252     
  -8.5000000000000000        6.0000000000000000        1.00000000             755  0.25165800185276721     
  -8.5000000000000000        5.0000000000000000        1.00000000             756  0.24845253822455404     
  -8.5000000000000000        4.0000000000000000       -1.00000000             757  0.86118835332290189     
  -8.5000000000000000        3.0000000000000000        1.00000000             758  0.41092600633108622     
  -8.5000000000000000        2.0000000000000000       -1.00000000             759  0.92681645779735389     
  -8.5000000000000000        1.0000000000000000        1.00000000             760  0.74625495122485519     
  -7.5000000000000000        10.000000000000000        1.00000000             761  0.23974030564582538     
  -7.5000000000000000        9.0000000000000000        1.00000000             762  0.78739556622921247     
  -7.5000000000000000        8.0000000000000000        1.00000000             763  0.58306036852191778     
  -7.5000000000000000        7.0000000000000000        1.00000000             764  0.21456163594578193     
  -7.5000000000000000        6.0000000000000000        1.00000000             765  0.12094622292561708     
  -7.5000000000000000        5.0000000000000000        1.00000000             766  0.10825235538860667     
  -7.5000000000000000        4.0000000000000000        1.00000000             767  0.65434987700822966     
  -7.5000000000000000        3.0000000000000000        1.00000000             768  0.10811119066071662     
  -7.5000000000000000        2.0000000000000000       -1.00000000             769  0.80612823736971118     
  -7.5000000000000000        1.0000000000000000        1.00000000             770   3.0317500100216388E-002
  -6.5000000000000000        10.000000000000000        1.00000000             771  0.49346435846654324     
  -6.5000000000000000        9.0000000000000000        1.00000000             772  0.18676819873637396     
  -6.5000000000000000        8.0000000000000000        1.00000000             773  0.49317534029704757     
  -6.5000000000000000        7.0000000000000000        1.00000000             774   9.4479635078554391E-002
  -6.5000000000000000        6.0000000000000000        1.00000000             775  0.72994307009004855     
  -6.5000000000000000        5.0000000000000000        1.00000000             776   3.9677254703193165E-003
  -6.5000000000000000        4.0000000000000000        1.00000000             777  0.60435612010644413     
  -6.5000000000000000        3.0000000000000000       -1.00000000             778  0.88587226327259272     
  -6.5000000000000000        2.0000000000000000        1.00000000             779  0.32374588095602297     
  -6.5000000000000000        1.0000000000000000        1.00000000             780  0.56419996874707368     
  -5.5000000000000000        10.000000000000000        1.00000000             781   5.8240329338527630E-002
  -5.5000000000000000        9.0000000000000000        1.00000000             782  0.60181537040186972     
  -5.5000000000000000        8.0000000000000000       -1.00000000             783  0.81980459715378362     
  -5.5000000000000000        7.0000000000000000        1.00000000             784  0.36876957624297180     
  -5.5000000000000000        6.0000000000000000       -1.00000000             785  0.90403149065102417     
  -5.5000000000000000        5.0000000000000000        1.00000000             786  0.49898275933245440     
  -5.5000000000000000        4.0000000000000000        1.00000000             787  0.23709288870208023     
  -5.5000000000000000        3.0000000000000000        1.00000000             788  0.68695153664097608     
  -5.5000000000000000        2.0000000000000000        1.00000000             789  0.11052604279203782     
  -5.5000000000000000        1.0000000000000000        1.00000000             790  0.14181619581729088     
  -4.5000000000000000        10.000000000000000        1.00000000             791  0.68759118164666344     
  -4.5000000000000000        9.0000000000000000        1.00000000             792  0.20122506258888340     
  -4.5000000000000000        8.0000000000000000        1.00000000             793  0.57310408567493187     
  -4.5000000000000000        7.0000000000000000        1.00000000             794  0.38943199261146177     
  -4.5000000000000000        6.0000000000000000        1.00000000             795  0.61097628735136955     
  -4.5000000000000000        5.0000000000000000        1.00000000             796   8.7081755037378139E-003
  -4.5000000000000000        4.0000000000000000       -1.00000000             797  0.96723596247690513     
  -4.5000000000000000        3.0000000000000000        1.00000000             798  0.72495999367192854     
  -4.5000000000000000        2.0000000000000000        1.00000000             799  0.58459418566139099     
  -4.5000000000000000        1.0000000000000000        1.00000000             800  0.73196540087925421     
  -3.5000000000000000        10.000000000000000        1.00000000             801  0.74258529209842905     
  -3.5000000000000000        9.0000000000000000        1.00000000             802  0.28957230674886580     
  -3.5000000000000000        8.0000000000000000        1.00000000             803  0.36780423714763721     
  -3.5000000000000000        7.0000000000000000       -1.00000000             804  0.81340017685651322     
  -3.5000000000000000        6.0000000000000000        1.00000000             805  0.29626528314049017     
  -3.5000000000000000        5.0000000000000000        1.00000000             806  0.41170027515883434     
  -3.5000000000000000        4.0000000000000000        1.00000000             807  0.58813841483665596     
  -3.5000000000000000        3.0000000000000000        1.00000000             808  0.70038856498899182     
  -3.5000000000000000        2.0000000000000000        1.00000000             809  0.57397283777166219     
  -3.5000000000000000        1.0000000000000000        1.00000000             810  0.13253234047484475     
  -2.5000000000000000        10.000000000000000        1.00000000             811   1.9904331347452509E-002
  -2.5000000000000000        9.0000000000000000        1.00000000             812  0.51209576610904128     
  -2.5000000000000000        8.0000000000000000        1.00000000             813  0.60878638629206117     
  -2.5000000000000000        7.0000000000000000        1.00000000             814  0.21607675289431361     
  -2.5000000000000000        6.0000000000000000        1.00000000             815  0.38984927461162866     
  -2.5000000000000000        5.0000000000000000       -1.00000000             816  0.91528956602839118     
  -2.5000000000000000        4.0000000000000000        1.00000000             817  0.45471819396620405     
  -2.5000000000000000        3.0000000000000000        1.00000000             818  0.62903242039837270     
  -2.5000000000000000        2.0000000000000000        1.00000000             819  0.48830103778097511     
  -2.5000000000000000        1.0000000000000000        1.00000000             820  0.12903048037905462     
  -1.5000000000000000        10.000000000000000       -1.00000000             821  0.92986702284760381     
  -1.5000000000000000        9.0000000000000000        1.00000000             822  0.51015824134755705     
  -1.5000000000000000        8.0000000000000000       -1.00000000             823  0.92662412307576636     
  -1.5000000000000000        7.0000000000000000        1.00000000             824  0.43910516578475967     
  -1.5000000000000000        6.0000000000000000       -1.00000000             825  0.86811432123416155     
  -1.5000000000000000        5.0000000000000000       -1.00000000             826  0.95573178989127783     
  -1.5000000000000000        4.0000000000000000       -1.00000000             827  0.95424408706803476     
  -1.5000000000000000        3.0000000000000000        1.00000000             828  0.73307613451869669     
  -1.5000000000000000        2.0000000000000000        1.00000000             829  0.61466445612664022     
  -1.5000000000000000        1.0000000000000000        1.00000000             830  0.38080104952402327     
 -0.50000000000000000        10.000000000000000        1.00000000             831  0.43129861182175866     
 -0.50000000000000000        9.0000000000000000        1.00000000             832  0.48277152723362005     
 -0.50000000000000000        8.0000000000000000        1.00000000             833  0.37571811750627637     
 -0.50000000000000000        7.0000000000000000        1.00000000             834  0.25701256814991513     
 -0.50000000000000000        6.0000000000000000        1.00000000             835  0.77596459695089515     
 -0.50000000000000000        5.0000000000000000        1.00000000             836  0.21448060151738224     
 -0.50000000000000000        4.0000000000000000        1.00000000             837  0.53037269350860095     
 -0.50000000000000000        3.0000000000000000        1.00000000             838  0.26408614463780600     
 -0.50000000000000000        2.0000000000000000        1.00000000             839  0.55878803799081678     
 -0.50000000000000000        1.0000000000000000        1.00000000             840  0.34444973840220861     
